进行 0 ---- 9 的快速排序
50 87 12 61 8 70 89 27 65 42 
42 27 12 8 50 70 89 61 65 87 
进行 0 ---- 3 的快速排序
42 27 12 8 50 70 89 61 65 87 
8 27 12 42 50 70 89 61 65 87 
进行 0 ---- 2 的快速排序
8 27 12 42 50 70 89 61 65 87 
8 27 12 42 50 70 89 61 65 87 
进行 1 ---- 2 的快速排序
8 27 12 42 50 70 89 61 65 87 
8 12 27 42 50 70 89 61 65 87 
进行 5 ---- 9 的快速排序
8 12 27 42 50 70 89 61 65 87 
8 12 27 42 50 65 61 70 89 87 
进行 5 ---- 6 的快速排序
8 12 27 42 50 65 61 70 89 87 
8 12 27 42 50 61 65 70 89 87 
进行 8 ---- 9 的快速排序
8 12 27 42 50 61 65 70 89 87 
8 12 27 42 50 61 65 70 87 89 
