进行 0 ---- 17 的快速排序
23 5 22 1 3 44 23 15 21 55 66 22 33 44 11 20 30 29 
20 5 22 1 3 11 22 15 21 23 66 55 33 44 23 44 30 30 
进行 0 ---- 8 的快速排序
20 5 22 1 3 11 22 15 21 23 66 55 33 44 23 44 30 30 
15 5 15 1 3 11 20 22 22 23 66 55 33 44 23 44 30 30 
进行 0 ---- 5 的快速排序
15 5 15 1 3 11 20 22 22 23 66 55 33 44 23 44 30 30 
3 5 3 1 15 15 20 22 22 23 66 55 33 44 23 44 30 30 
进行 0 ---- 3 的快速排序
3 5 3 1 15 15 20 22 22 23 66 55 33 44 23 44 30 30 
3 5 3 3 15 15 20 22 22 23 66 55 33 44 23 44 30 30 
进行 1 ---- 3 的快速排序
3 5 3 3 15 15 20 22 22 23 66 55 33 44 23 44 30 30 
3 3 3 5 15 15 20 22 22 23 66 55 33 44 23 44 30 30 
进行 1 ---- 2 的快速排序
3 3 3 5 15 15 20 22 22 23 66 55 33 44 23 44 30 30 
3 3 3 5 15 15 20 22 22 23 66 55 33 44 23 44 30 30 
进行 7 ---- 8 的快速排序
3 3 3 5 15 15 20 22 22 23 66 55 33 44 23 44 30 30 
3 3 3 5 15 15 20 22 22 23 66 55 33 44 23 44 30 30 
进行 10 ---- 17 的快速排序
3 3 3 5 15 15 20 22 22 23 66 55 33 44 23 44 30 30 
3 3 3 5 15 15 20 22 22 23 30 55 33 44 23 44 30 66 
进行 10 ---- 16 的快速排序
3 3 3 5 15 15 20 22 22 23 30 55 33 44 23 44 30 66 
3 3 3 5 15 15 20 22 22 23 23 30 33 44 55 44 44 66 
进行 12 ---- 16 的快速排序
3 3 3 5 15 15 20 22 22 23 23 30 33 44 55 44 44 66 
3 3 3 5 15 15 20 22 22 23 23 30 33 44 55 44 44 66 
进行 13 ---- 16 的快速排序
3 3 3 5 15 15 20 22 22 23 23 30 33 44 55 44 44 66 
3 3 3 5 15 15 20 22 22 23 23 30 33 44 55 44 44 66 
进行 14 ---- 16 的快速排序
3 3 3 5 15 15 20 22 22 23 23 30 33 44 55 44 44 66 
3 3 3 5 15 15 20 22 22 23 23 30 33 44 44 44 55 66 
进行 14 ---- 15 的快速排序
3 3 3 5 15 15 20 22 22 23 23 30 33 44 44 44 55 66 
3 3 3 5 15 15 20 22 22 23 23 30 33 44 44 44 55 66 
